-70.04  -7.23  54.00  28  2.15
-34.37  110.98  43.00  28  2.15
76.18  95.34  39.70  28  2.15
31.81  -19.70  43.00  28  2.15
-210.65  50.51  61.3  16  3.85
-179.06  223.02  42.1  16   3.85
27.96  243.56  23.2  16  3.85
176.27  127.90  19.3  16  3.85
124.21  -134.56  39.6  16  3.85
-74.73  -144.16  53.2  16  3.85
-214.79  -122.52  74.1  16  3.85
-98.11  376.45  20.7  16  3.85
21.08  -307.61  73.3  16  3.85
-196.40  -290.24  88.1  16  3.85
0.90  44.85  40.0  16  3.85
-302.85  384.60  3.3  16   3.85
-345.00  175.00  69.0  16  3.85
-374.99  -33.39  92.6  16  3.85
204.28  -267.84  53.0  16  3.85
